$DS 9
$CS 71
$HS 16
$SS 6
@keyboard 1000
average 32
@math 60
@english 70
@monitor 2000
sumAll 56
sum 25
Main 0
averageAll 40
11 8
14 2
3 0
14 3
3 4
11 8
14 2
3 8
14 3
3 12
10 0
9 6
12 4
10 0
9 1
12 4
10 0
10 8
9 8
12 4
10 0
10 8
9 5
12 4
0 
13 0
2 0
4 2
1 0
2 4
6 2
8 4
13 0
2 0
4 2
13 0
2 4
6 2
7 2
8 4
13 0
2 0
4 2
13 0
2 4
6 2
4 2
13 4
2 0
6 2
4 2
13 4
2 4
6 2
7 4
8 8
13 0
2 0
4 2
13 0
2 4
6 2
4 2
13 4
2 0
6 2
4 2
13 4
2 4
6 2
8 8